[(200, 200), (400, 200), (600, 200)]
(200, 200.0, 0.0)
(400, 200.0, 0.0)
(600, 200.0, 0.0)
(200, 0.0, 200.0)
(400, 0.0, 200.0)
(600, 0.0, 200.0)
(200, -200.0, 0.0)
(400, -200.0, 0.0)
(600, -200.0, 0.0)
(200, -0.0, -200.0)
(400, -0.0, -200.0)
(600, -0.0, -200.0)
((200, 200.0, 0.0), (200, 0.0, 200.0))
((400, 200.0, 0.0), (400, 0.0, 200.0))
((600, 200.0, 0.0), (600, 0.0, 200.0))
((200, 0.0, 200.0), (200, -200.0, 0.0))
((400, 0.0, 200.0), (400, -200.0, 0.0))
((600, 0.0, 200.0), (600, -200.0, 0.0))
((200, -200.0, 0.0), (200, -0.0, -200.0))
((400, -200.0, 0.0), (400, -0.0, -200.0))
((600, -200.0, 0.0), (600, -0.0, -200.0))
((200, -0.0, -200.0), (200, 200.0, 0.0))
((400, -0.0, -200.0), (400, 200.0, 0.0))
((600, -0.0, -200.0), (600, 200.0, 0.0))
((200, 200.0, 0.0), (400, 200.0, 0.0))
((200, 0.0, 200.0), (400, 0.0, 200.0))
((200, -200.0, 0.0), (400, -200.0, 0.0))
((200, -0.0, -200.0), (400, -0.0, -200.0))
faces
[(200, 200.0, 0.0), (400, 200.0, 0.0), (200, 0.0, 200.0), (400, 0.0, 200.0)]
[(400, 200.0, 0.0), (600, 200.0, 0.0), (400, 0.0, 200.0), (600, 0.0, 200.0)]
[(600, 200.0, 0.0), (200, 0.0, 200.0), (600, 0.0, 200.0), (200, -200.0, 0.0)]
[(200, 0.0, 200.0), (400, 0.0, 200.0), (200, -200.0, 0.0), (400, -200.0, 0.0)]
[(400, 0.0, 200.0), (600, 0.0, 200.0), (400, -200.0, 0.0), (600, -200.0, 0.0)]
[(600, 0.0, 200.0), (200, -200.0, 0.0), (600, -200.0, 0.0), (200, -0.0, -200.0)]
[(200, -200.0, 0.0), (400, -200.0, 0.0), (200, -0.0, -200.0), (400, -0.0, -200.0)]
[(400, -200.0, 0.0), (600, -200.0, 0.0), (400, -0.0, -200.0), (600, -0.0, -200.0)]
[(600, -200.0, 0.0), (200, -0.0, -200.0), (600, -0.0, -200.0), (200, 200.0, 0.0)]
[(200, -0.0, -200.0), (400, -0.0, -200.0), (200, 200.0, 0.0), (400, 200.0, 0.0)]
[(400, -0.0, -200.0), (600, -0.0, -200.0), (400, 200.0, 0.0), (600, 200.0, 0.0)]
[(600, -0.0, -200.0), (200, 200.0, 0.0), (600, 200.0, 0.0), (200, 0.0, 200.0)]
Vértices com letras:
A: (200, 200.0, 0.0)
B: (400, 200.0, 0.0)
C: (600, 200.0, 0.0)
D: (200, 0.0, 200.0)
E: (400, 0.0, 200.0)
F: (600, 0.0, 200.0)
G: (200, -200.0, 0.0)
H: (400, -200.0, 0.0)
I: (600, -200.0, 0.0)
J: (200, -0.0, -200.0)
K: (400, -0.0, -200.0)
L: (600, -0.0, -200.0)
Arestas com letras:
('A', 'D')
('B', 'E')
('C', 'F')
('D', 'G')
('E', 'H')
('F', 'I')
('G', 'J')
('H', 'K')
('I', 'L')
('J', 'A')
('K', 'B')
('L', 'C')
('A', 'B')
('D', 'E')
('G', 'H')
('J', 'K')
Faces com letras:
['A', 'B', 'D', 'E']
['B', 'C', 'E', 'F']
['C', 'D', 'F', 'G']
['D', 'E', 'G', 'H']
['E', 'F', 'H', 'I']
['F', 'G', 'I', 'J']
['G', 'H', 'J', 'K']
['H', 'I', 'K', 'L']
['A', 'I', 'J', 'L']
['A', 'B', 'J', 'K']
['B', 'C', 'K', 'L']
['A', 'C', 'D', 'L']
