   
   
   
   
   
   
   
   
   
   
   
   
   
   
   
   
   
   
   
   
   
   
   
   
   
   
   
   
   
   
   
   
   
   
   
   
   
   
   
   
   
   
   
   
   
   
   
   
   
   
   
   
   
   
   
   
   
   
   
   
   
   
   
   
   
   
   
   
   
   
   
   
   
   
   
   
   
   
   
   
   
   
   
   
   
   
   
   
   
   
   
   
   
   
   
  -22.717 -22.724 -22.731   
 -22.683 -22.690 -22.697 -22.704 -22.711 -22.692 -22.699 -22.706   
 -22.655 -22.662 -22.669 -22.676 -22.658 -22.665 -22.671 -22.678 -22.685 -22.667 -22.673 -22.680   
-22.621 -22.628 -22.635 -22.642 -22.649 -22.630 -22.637 -22.644 -22.651 -22.632 -22.639 -22.646 -22.653 -22.659 -22.642 -22.648 -22.655   
-22.593 -22.600 -22.607 -22.614 -22.596 -22.603 -22.609 -22.616 -22.623 -22.605 -22.612 -22.618 -22.625 -22.607 -22.614 -22.620 -22.628 -22.634 -22.616 -22.623 -22.630   
   -22.559 -22.566 -22.573 -22.580 -22.587 -22.568 -22.575 -22.582 -22.589 -22.570 -22.577 -22.584 -22.591 -22.597 -22.580 -22.587 -22.593 -22.600 -22.582 -22.589 -22.595 -22.602 -22.608 -22.591 -22.597 -22.604   
   -22.531 -22.538 -22.545 -22.552 -22.534 -22.541 -22.547 -22.554 -22.561 -22.543 -22.550 -22.556 -22.563 -22.545 -22.552 -22.558 -22.565 -22.572 -22.554 -22.561 -22.568 -22.575 -22.557 -22.564 -22.570 -22.577 -22.583 -22.566 -22.572 -22.579   
  -22.497 -22.504 -22.511 -22.518 -22.525 -22.506 -22.513 -22.520 -22.527 -22.508 -22.515 -22.522 -22.529 -22.536 -22.518 -22.525 -22.531 -22.538 -22.520 -22.527 -22.533 -22.540 -22.546 -22.529 -22.536 -22.542 -22.549 -22.531 -22.538 -22.544 -22.551 -22.557 -22.541 -22.546 -22.554   
  -22.469 -22.476 -22.483 -22.490 -22.472 -22.479 -22.486 -22.492 -22.499 -22.481 -22.488 -22.494 -22.501 -22.483 -22.490 -22.496 -22.503 -22.510 -22.492 -22.499 -22.505 -22.513 -22.494 -22.502 -22.507 -22.515 -22.521 -22.504 -22.511 -22.517 -22.524 -22.506 -22.513 -22.519 -22.526 -22.532 -22.515 -22.521 -22.528   
 -22.435 -22.442 -22.449 -22.456 -22.463 -22.444 -22.451 -22.458 -22.465 -22.446 -22.453 -22.460 -22.467 -22.474 -22.456 -22.463 -22.469 -22.476 -22.458 -22.465 -22.471 -22.478 -22.485 -22.467 -22.474 -22.480 -22.487 -22.469 -22.476 -22.482 -22.489 -22.495 -22.479 -22.486 -22.491 -22.499 -22.481 -22.488 -22.493 -22.501 -22.506 -22.490 -22.495 -22.503   
 -22.407 -22.414 -22.421 -22.428 -22.410 -22.417 -22.424 -22.430 -22.437 -22.419 -22.426 -22.432 -22.439 -22.421 -22.428 -22.435 -22.441 -22.448 -22.430 -22.437 -22.443 -22.450 -22.432 -22.440 -22.445 -22.453 -22.460 -22.442 -22.449 -22.455 -22.462 -22.444 -22.451 -22.457 -22.464 -22.469 -22.453 -22.461 -22.466 -22.473 -22.455 -22.463 -22.468 -22.475 -22.480 -22.465 -22.470 -22.477   
-22.373 -22.380 -22.387 -22.394 -22.401 -22.382 -22.389 -22.396 -22.403 -22.385 -22.391 -22.398 -22.405 -22.412 -22.393 -22.401 -22.407 -22.414 -22.396 -22.403 -22.410 -22.416 -22.423 -22.405 -22.412 -22.418 -22.425 -22.407 -22.414 -22.420 -22.427 -22.434 -22.416 -22.424 -22.429 -22.436 -22.419 -22.426 -22.431 -22.438 -22.444 -22.428 -22.435 -22.440 -22.448 -22.430 -22.438 -22.442 -22.450 -22.455 -22.440 -22.444 -22.452   
-22.345 -22.352 -22.359 -22.366 -22.348 -22.355 -22.362 -22.368 -22.375 -22.357 -22.364 -22.370 -22.377 -22.360 -22.366 -22.373 -22.379 -22.386 -22.368 -22.375 -22.381 -22.388 -22.370 -22.377 -22.385 -22.390 -22.398 -22.380 -22.387 -22.392 -22.400 -22.382 -22.389 -22.394 -22.402 -22.409 -22.391 -22.399 -22.404 -22.411 -22.393 -22.401 -22.406 -22.413 -22.418 -22.403 -22.410 -22.415 -22.423 -22.405 -22.412 -22.417 -22.425 -22.429 -22.414 -22.419 -22.427   
   -22.311 -22.318 -22.325 -22.332 -22.339 -22.320 -22.327 -22.334 -22.341 -22.323 -22.329 -22.336 -22.343 -22.350 -22.331 -22.338 -22.345 -22.352 -22.335 -22.341 -22.348 -22.354 -22.361 -22.343 -22.350 -22.356 -22.363 -22.345 -22.352 -22.360 -22.365 -22.372 -22.354 -22.362 -22.367 -22.374 -22.356 -22.364 -22.369 -22.376 -22.384 -22.366 -22.373 -22.378 -22.386 -22.368 -22.375 -22.380 -22.388 -22.392 -22.377 -22.385 -22.390 -22.397 -22.379 -22.387 -22.392 -22.399 -22.404 -22.389 -22.394 -22.401   
   -22.283 -22.290 -22.297 -22.304 -22.286 -22.293 -22.299 -22.306 -22.313 -22.295 -22.302 -22.309 -22.315 -22.298 -22.304 -22.311 -22.317 -22.324 -22.306 -22.313 -22.319 -22.326 -22.310 -22.315 -22.323 -22.328 -22.335 -22.317 -22.325 -22.330 -22.337 -22.319 -22.327 -22.334 -22.339 -22.347 -22.329 -22.336 -22.341 -22.349 -22.331 -22.338 -22.343 -22.351 -22.358 -22.341 -22.348 -22.353 -22.360 -22.343 -22.350 -22.355 -22.362 -22.367 -22.352 -22.360 -22.364 -22.372 -22.354 -22.362 -22.366 -22.374 -22.378 -22.364 -22.368 -22.376   
  -22.249 -22.256 -22.263 -22.270 -22.277 -22.258 -22.265 -22.272 -22.279 -22.261 -22.267 -22.274 -22.280 -22.288 -22.269 -22.276 -22.284 -22.290 -22.273 -22.279 -22.286 -22.291 -22.299 -22.281 -22.288 -22.293 -22.301 -22.285 -22.290 -22.297 -22.303 -22.310 -22.292 -22.300 -22.305 -22.312 -22.294 -22.302 -22.309 -22.314 -22.321 -22.304 -22.311 -22.316 -22.323 -22.306 -22.313 -22.318 -22.325 -22.333 -22.315 -22.323 -22.327 -22.335 -22.317 -22.325 -22.329 -22.337 -22.341 -22.327 -22.335 -22.339 -22.347 -22.329 -22.337 -22.341 -22.348 -22.353 -22.339 -22.343 -22.350   
  -22.221 -22.228 -22.235 -22.242 -22.224 -22.230 -22.237 -22.244 -22.251 -22.233 -22.240 -22.247 -22.253 -22.236 -22.242 -22.249 -22.255 -22.262 -22.244 -22.251 -22.258 -22.264 -22.248 -22.253 -22.261 -22.266 -22.273 -22.255 -22.263 -22.268 -22.275 -22.260 -22.265 -22.272 -22.277 -22.285 -22.267 -22.274 -22.279 -22.287 -22.269 -22.276 -22.284 -22.289 -22.296 -22.278 -22.286 -22.290 -22.298 -22.280 -22.288 -22.292 -22.300 -22.308 -22.290 -22.298 -22.302 -22.310 -22.292 -22.300 -22.304 -22.312 -22.316 -22.302 -22.309 -22.313 -22.321 -22.304 -22.311 -22.315 -22.323 -22.327 -22.313 -22.317 -22.325   
 -22.187 -22.194 -22.201 -22.208 -22.215 -22.196 -22.203 -22.210 -22.216 -22.199 -22.205 -22.212 -22.218 -22.225 -22.208 -22.214 -22.222 -22.227 -22.211 -22.216 -22.224 -22.229 -22.237 -22.218 -22.226 -22.233 -22.238 -22.223 -22.228 -22.235 -22.240 -22.248 -22.230 -22.237 -22.242 -22.250 -22.235 -22.239 -22.247 -22.252 -22.259 -22.241 -22.249 -22.254 -22.261 -22.243 -22.251 -22.259 -22.263 -22.271 -22.253 -22.261 -22.265 -22.273 -22.255 -22.263 -22.267 -22.275 -22.282 -22.265 -22.272 -22.276 -22.284 -22.267 -22.274 -22.278 -22.286 -22.290 -22.276 -22.284 -22.288 -22.296 -22.278 -22.286 -22.290 -22.298 -22.301 -22.288 -22.292 -22.300   
 -22.159 -22.166 -22.173 -22.180 -22.162 -22.168 -22.175 -22.182 -22.189 -22.171 -22.178 -22.185 -22.191 -22.174 -22.180 -22.187 -22.193 -22.200 -22.184 -22.189 -22.196 -22.202 -22.186 -22.191 -22.198 -22.204 -22.211 -22.193 -22.200 -22.208 -22.213 -22.198 -22.202 -22.210 -22.215 -22.222 -22.204 -22.212 -22.217 -22.224 -22.210 -22.214 -22.222 -22.226 -22.234 -22.216 -22.224 -22.228 -22.236 -22.218 -22.226 -22.233 -22.238 -22.245 -22.228 -22.235 -22.239 -22.247 -22.230 -22.237 -22.241 -22.249 -22.257 -22.239 -22.247 -22.251 -22.259 -22.241 -22.249 -22.253 -22.261 -22.264 -22.251 -22.259 -22.263 -22.270 -22.253 -22.261 -22.264 -22.272 -22.276 -22.263 -22.266 -22.274   
-22.125 -22.132 -22.139 -22.146 -22.153 -22.134 -22.141 -22.148 -22.154 -22.137 -22.143 -22.150 -22.157 -22.163 -22.147 -22.152 -22.159 -22.165 -22.149 -22.154 -22.162 -22.167 -22.174 -22.159 -22.164 -22.171 -22.176 -22.161 -22.166 -22.173 -22.178 -22.185 -22.168 -22.175 -22.183 -22.187 -22.173 -22.177 -22.185 -22.189 -22.197 -22.179 -22.187 -22.191 -22.199 -22.185 -22.189 -22.196 -22.201 -22.208 -22.191 -22.198 -22.202 -22.210 -22.193 -22.200 -22.208 -22.212 -22.220 -22.202 -22.210 -22.214 -22.222 -22.204 -22.212 -22.216 -22.224 -22.232 -22.214 -22.222 -22.226 -22.233 -22.216 -22.224 -22.227 -22.235 -22.239 -22.226 -22.234 -22.237 -22.245 -22.228 -22.236 -22.239 -22.247 -22.250 -22.238 -22.241 -22.249   
-22.097 -22.104 -22.111 -22.118 -22.100 -22.107 -22.113 -22.120 -22.127 -22.110 -22.115 -22.123 -22.129 -22.112 -22.117 -22.125 -22.132 -22.138 -22.122 -22.127 -22.134 -22.139 -22.124 -22.129 -22.136 -22.141 -22.149 -22.134 -22.138 -22.146 -22.151 -22.136 -22.140 -22.148 -22.152 -22.160 -22.142 -22.150 -22.157 -22.162 -22.148 -22.152 -22.160 -22.164 -22.171 -22.154 -22.162 -22.165 -22.173 -22.160 -22.163 -22.171 -22.175 -22.183 -22.165 -22.173 -22.177 -22.185 -22.167 -22.175 -22.183 -22.187 -22.195 -22.177 -22.185 -22.188 -22.196 -22.179 -22.187 -22.190 -22.198 -22.206 -22.189 -22.197 -22.200 -22.208 -22.191 -22.199 -22.202 -22.210 -22.213 -22.201 -22.209 -22.212 -22.220 -22.202 -22.210 -22.214 -22.222 -22.225 -22.212 -22.215 -22.223   
   -22.063 -22.070 -22.077 -22.084 -22.091 -22.072 -22.079 -22.086 -22.092 -22.075 -22.082 -22.088 -22.095 -22.101 -22.085 -22.090 -22.097 -22.103 -22.087 -22.092 -22.099 -22.107 -22.112 -22.097 -22.101 -22.109 -22.114 -22.099 -22.103 -22.111 -22.115 -22.123 -22.109 -22.113 -22.121 -22.125 -22.111 -22.115 -22.123 -22.127 -22.134 -22.117 -22.125 -22.132 -22.136 -22.123 -22.126 -22.134 -22.138 -22.146 -22.128 -22.136 -22.140 -22.148 -22.135 -22.138 -22.146 -22.150 -22.158 -22.140 -22.148 -22.151 -22.159 -22.142 -22.150 -22.158 -22.161 -22.169 -22.152 -22.160 -22.163 -22.171 -22.154 -22.162 -22.165 -22.173 -22.181 -22.164 -22.172 -22.175 -22.183 -22.165 -22.173 -22.176 -22.185 -22.188 -22.175 -22.183 -22.186 -22.194 -22.177 -22.185 -22.188 -22.196 -22.199 -22.187 -22.190 -22.198   
   -22.035 -22.042 -22.049 -22.056 -22.038 -22.045 -22.051 -22.058 -22.065 -22.048 -22.053 -22.060 -22.066 -22.050 -22.057 -22.063 -22.070 -22.075 -22.060 -22.064 -22.072 -22.077 -22.062 -22.066 -22.074 -22.082 -22.086 -22.072 -22.076 -22.084 -22.088 -22.074 -22.078 -22.086 -22.090 -22.097 -22.084 -22.088 -22.095 -22.099 -22.086 -22.089 -22.097 -22.101 -22.109 -22.091 -22.099 -22.107 -22.111 -22.098 -22.101 -22.109 -22.113 -22.120 -22.103 -22.111 -22.114 -22.122 -22.110 -22.113 -22.121 -22.124 -22.132 -22.115 -22.123 -22.126 -22.134 -22.117 -22.125 -22.133 -22.136 -22.144 -22.126 -22.134 -22.138 -22.146 -22.128 -22.136 -22.139 -22.147 -22.155 -22.138 -22.146 -22.149 -22.157 -22.140 -22.148 -22.151 -22.159 -22.162 -22.150 -22.158 -22.161 -22.169 -22.152 -22.160 -22.163 -22.171 -22.174 -22.162 -22.164 -22.173   
  -22.001 -22.008 -22.015 -22.022 -22.029 -22.011 -22.017 -22.024 -22.031 -22.013 -22.020 -22.026 -22.033 -22.039 -22.023 -22.028 -22.035 -22.040 -22.025 -22.032 -22.037 -22.045 -22.049 -22.035 -22.039 -22.047 -22.051 -22.037 -22.041 -22.049 -22.056 -22.061 -22.047 -22.051 -22.058 -22.062 -22.049 -22.052 -22.060 -22.064 -22.072 -22.059 -22.062 -22.070 -22.074 -22.061 -22.064 -22.072 -22.075 -22.083 -22.066 -22.074 -22.082 -22.085 -22.073 -22.076 -22.084 -22.087 -22.095 -22.078 -22.086 -22.089 -22.097 -22.085 -22.088 -22.096 -22.099 -22.107 -22.089 -22.097 -22.100 -22.108 -22.091 -22.099 -22.107 -22.110 -22.118 -22.101 -22.109 -22.112 -22.120 -22.103 -22.111 -22.114 -22.122 -22.130 -22.113 -22.121 -22.124 -22.132 -22.115 -22.123 -22.126 -22.134 -22.136 -22.125 -22.133 -22.136 -22.144 -22.127 -22.135 -22.137 -22.145 -22.148 -22.137 -22.139 -22.147   
  -21.973 -21.980 -21.987 -21.994 -21.976 -21.983 -21.989 -21.996 -22.002 -21.986 -21.991 -21.998 -22.006 -21.988 -21.995 -22.000 -22.008 -22.013 -21.998 -22.002 -22.010 -22.014 -22.000 -22.007 -22.012 -22.019 -22.024 -22.010 -22.014 -22.021 -22.025 -22.012 -22.015 -22.023 -22.031 -22.035 -22.022 -22.025 -22.033 -22.037 -22.024 -22.027 -22.035 -22.038 -22.046 -22.034 -22.037 -22.045 -22.048 -22.036 -22.039 -22.047 -22.050 -22.058 -22.041 -22.049 -22.057 -22.060 -22.048 -22.050 -22.059 -22.061 -22.070 -22.052 -22.060 -22.063 -22.071 -22.059 -22.062 -22.070 -22.073 -22.081 -22.064 -22.072 -22.075 -22.083 -22.066 -22.074 -22.082 -22.085 -22.093 -22.076 -22.084 -22.087 -22.095 -22.078 -22.086 -22.088 -22.097 -22.105 -22.088 -22.096 -22.098 -22.107 -22.089 -22.098 -22.100 -22.108 -22.111 -22.099 -22.108 -22.110 -22.118 -22.101 -22.110 -22.112 -22.120 -22.122 -22.111 -22.114 -22.122   
 -21.939 -21.946 -21.953 -21.960 -21.967 -21.949 -21.956 -21.962 -21.969 -21.951 -21.958 -21.963 -21.971 -21.976 -21.961 -21.965 -21.973 -21.980 -21.963 -21.971 -21.975 -21.982 -21.987 -21.973 -21.977 -21.984 -21.988 -21.975 -21.983 -21.986 -21.994 -21.998 -21.985 -21.988 -21.996 -22.000 -21.987 -21.990 -21.998 -22.006 -22.009 -21.997 -22.000 -22.008 -22.011 -21.999 -22.002 -22.010 -22.013 -22.021 -22.009 -22.011 -22.020 -22.023 -22.011 -22.013 -22.021 -22.024 -22.032 -22.015 -22.023 -22.031 -22.034 -22.023 -22.025 -22.033 -22.036 -22.044 -22.027 -22.035 -22.038 -22.046 -22.034 -22.037 -22.045 -22.048 -22.056 -22.039 -22.047 -22.049 -22.058 -22.040 -22.049 -22.057 -22.059 -22.068 -22.051 -22.059 -22.061 -22.069 -22.052 -22.061 -22.063 -22.071 -22.079 -22.062 -22.071 -22.073 -22.081 -22.064 -22.072 -22.075 -22.083 -22.085 -22.074 -22.083 -22.085 -22.093 -22.076 -22.084 -22.086 -22.095 -22.097 -22.086 -22.088 -22.097   
 -21.911 -21.918 -21.925 -21.932 -21.914 -21.921 -21.927 -21.934 -21.940 -21.924 -21.931 -21.936 -21.943 -21.926 -21.934 -21.938 -21.945 -21.950 -21.936 -21.940 -21.947 -21.955 -21.938 -21.946 -21.949 -21.957 -21.961 -21.948 -21.951 -21.959 -21.962 -21.950 -21.958 -21.961 -21.969 -21.972 -21.960 -21.963 -21.971 -21.974 -21.962 -21.964 -21.973 -21.981 -21.984 -21.972 -21.974 -21.983 -21.985 -21.974 -21.976 -21.984 -21.987 -21.995 -21.984 -21.986 -21.994 -21.997 -21.986 -21.988 -21.996 -21.999 -22.007 -21.990 -21.998 -22.006 -22.009 -21.997 -22.000 -22.008 -22.010 -22.019 -22.002 -22.010 -22.012 -22.020 -22.009 -22.012 -22.020 -22.022 -22.030 -22.013 -22.022 -22.024 -22.032 -22.015 -22.023 -22.032 -22.034 -22.042 -22.025 -22.034 -22.036 -22.044 -22.027 -22.035 -22.037 -22.046 -22.054 -22.037 -22.045 -22.047 -22.056 -22.039 -22.047 -22.049 -22.058 -22.060 -22.049 -22.057 -22.059 -22.068 -22.051 -22.059 -22.061 -22.069 -22.071 -22.061 -22.063 -22.071   
-21.877 -21.884 -21.891 -21.898 -21.905 -21.887 -21.894 -21.899 -21.907 -21.889 -21.897 -21.901 -21.909 -21.913 -21.899 -21.907 -21.910 -21.918 -21.901 -21.909 -21.912 -21.920 -21.924 -21.911 -21.914 -21.922 -21.930 -21.913 -21.921 -21.924 -21.932 -21.935 -21.923 -21.925 -21.934 -21.936 -21.925 -21.933 -21.935 -21.944 -21.946 -21.935 -21.937 -21.945 -21.948 -21.937 -21.939 -21.947 -21.955 -21.958 -21.947 -21.949 -21.957 -21.960 -21.949 -21.951 -21.959 -21.961 -21.970 -21.959 -21.961 -21.969 -21.971 -21.961 -21.963 -21.971 -21.973 -21.981 -21.964 -21.973 -21.981 -21.983 -21.972 -21.974 -21.983 -21.985 -21.993 -21.976 -21.985 -21.986 -21.995 -21.984 -21.986 -21.995 -21.997 -22.005 -21.988 -21.996 -21.998 -22.007 -21.990 -21.998 -22.007 -22.008 -22.017 -22.000 -22.008 -22.010 -22.019 -22.002 -22.010 -22.012 -22.020 -22.029 -22.012 -22.020 -22.022 -22.030 -22.014 -22.022 -22.024 -22.032 -22.034 -22.024 -22.032 -22.034 -22.042 -22.025 -22.034 -22.036 -22.044 -22.046 -22.036 -22.037 -22.046   
-21.849 -21.856 -21.863 -21.870 -21.852 -21.860 -21.864 -21.872 -21.879 -21.862 -21.870 -21.873 -21.881 -21.864 -21.872 -21.875 -21.883 -21.886 -21.874 -21.882 -21.885 -21.893 -21.876 -21.884 -21.886 -21.895 -21.897 -21.886 -21.888 -21.896 -21.905 -21.888 -21.896 -21.898 -21.906 -21.909 -21.898 -21.900 -21.908 -21.910 -21.900 -21.908 -21.910 -21.918 -21.920 -21.910 -21.912 -21.920 -21.922 -21.912 -21.913 -21.922 -21.930 -21.932 -21.922 -21.924 -21.932 -21.934 -21.924 -21.925 -21.934 -21.936 -21.944 -21.934 -21.935 -21.944 -21.946 -21.935 -21.937 -21.946 -21.947 -21.956 -21.939 -21.947 -21.956 -21.958 -21.947 -21.949 -21.958 -21.959 -21.968 -21.951 -21.959 -21.961 -21.969 -21.959 -21.961 -21.969 -21.971 -21.980 -21.963 -21.971 -21.973 -21.981 -21.964 -21.973 -21.981 -21.983 -21.991 -21.975 -21.983 -21.985 -21.993 -21.976 -21.985 -21.986 -21.995 -22.003 -21.986 -21.995 -21.997 -22.005 -21.988 -21.997 -21.998 -22.007 -22.008 -21.998 -22.007 -22.008 -22.017 -22.000 -22.009 -22.010 -22.019 -22.020 -22.010 -22.012 -22.020   
-21.822 -21.829 -21.836 -21.843 -21.825 -21.833 -21.836 -21.844 -21.827 -21.835 -21.837 -21.846 -21.854 -21.837 -21.845 -21.847 -21.856 -21.839 -21.847 -21.849 -21.857 -21.859 -21.849 -21.857 -21.859 -21.868 -21.851 -21.859 -21.861 -21.869 -21.871 -21.861 -21.862 -21.871 -21.879 -21.863 -21.871 -21.873 -21.881 -21.883 -21.873 -21.874 -21.883 -21.884 -21.875 -21.883 -21.885 -21.893 -21.895 -21.885 -21.886 -21.895 -21.896 -21.887 -21.888 -21.896 -21.905 -21.907 -21.897 -21.898 -21.907 -21.908 -21.899 -21.900 -21.908 -21.910 -21.918 -21.909 -21.910 -21.919 -21.920 -21.910 -21.912 -21.920 -21.922 -21.930 -21.913 -21.922 -21.931 -21.932 -21.922 -21.924 -21.932 -21.934 -21.942 -21.925 -21.934 -21.935 -21.944 -21.934 -21.936 -21.944 -21.946 -21.954 -21.937 -21.946 -21.947 -21.956 -21.939 -21.948 -21.956 -21.958 -21.966 -21.949 -21.958 -21.959 -21.968 -21.951 -21.960 -21.961 -21.969 -21.978 -21.961 -21.970 -21.971 -21.980 -21.963 -21.971 -21.973 -21.981 -21.983 -21.973 -21.982 -21.983 -21.992 -21.975 -21.983 -21.985 -21.993 -21.995 -21.985 -21.986 -21.995   
 -21.809 -21.806 -21.817 -21.801 -21.810 -21.809 -21.818 -21.802 -21.811 -21.810 -21.820 -21.829 -21.812 -21.821 -21.821 -21.830 -21.814 -21.823 -21.823 -21.832 -21.833 -21.824 -21.833 -21.834 -21.842 -21.826 -21.834 -21.835 -21.844 -21.845 -21.836 -21.837 -21.846 -21.854 -21.838 -21.846 -21.847 -21.856 -21.857 -21.848 -21.849 -21.858 -21.858 -21.850 -21.858 -21.859 -21.868 -21.869 -21.860 -21.861 -21.869 -21.871 -21.862 -21.862 -21.871 -21.880 -21.881 -21.872 -21.873 -21.881 -21.883 -21.873 -21.874 -21.883 -21.884 -21.893 -21.884 -21.885 -21.893 -21.894 -21.885 -21.886 -21.895 -21.896 -21.905 -21.888 -21.897 -21.905 -21.906 -21.897 -21.898 -21.907 -21.908 -21.917 -21.900 -21.909 -21.910 -21.918 -21.909 -21.910 -21.919 -21.920 -21.929 -21.912 -21.921 -21.922 -21.930 -21.914 -21.922 -21.931 -21.932 -21.941 -21.924 -21.933 -21.934 -21.942 -21.926 -21.934 -21.935 -21.944 -21.953 -21.936 -21.945 -21.946 -21.954 -21.938 -21.946 -21.947 -21.956 -21.957 -21.948 -21.956 -21.958 -21.966 -21.950 -21.958 -21.959 -21.968 -21.969 -21.960 -21.961 -21.970   
   -21.791 -21.776 -21.786 -21.781 -21.792 -21.777 -21.787 -21.784 -21.794 -21.803 -21.788 -21.797 -21.795 -21.805 -21.789 -21.798 -21.797 -21.806 -21.806 -21.799 -21.808 -21.808 -21.817 -21.801 -21.810 -21.809 -21.818 -21.819 -21.811 -21.811 -21.820 -21.829 -21.813 -21.821 -21.822 -21.831 -21.831 -21.823 -21.823 -21.832 -21.833 -21.825 -21.833 -21.834 -21.843 -21.843 -21.835 -21.835 -21.844 -21.845 -21.837 -21.837 -21.846 -21.855 -21.855 -21.847 -21.847 -21.856 -21.857 -21.848 -21.849 -21.858 -21.858 -21.867 -21.859 -21.859 -21.868 -21.869 -21.860 -21.861 -21.870 -21.871 -21.879 -21.863 -21.871 -21.880 -21.881 -21.872 -21.873 -21.882 -21.883 -21.891 -21.875 -21.883 -21.884 -21.893 -21.884 -21.885 -21.894 -21.895 -21.903 -21.887 -21.895 -21.896 -21.905 -21.888 -21.897 -21.906 -21.907 -21.915 -21.899 -21.907 -21.908 -21.917 -21.900 -21.909 -21.910 -21.919 -21.927 -21.911 -21.919 -21.920 -21.929 -21.912 -21.921 -21.922 -21.931 -21.932 -21.923 -21.931 -21.932 -21.941 -21.924 -21.933 -21.934 -21.943 -21.944 -21.935 -21.935 -21.944   
 -21.763 -21.754 -21.766 -21.752 -21.762 -21.757 -21.768 -21.778 -21.763 -21.772 -21.769 -21.779 -21.764 -21.773 -21.771 -21.781 -21.779 -21.774 -21.784 -21.782 -21.792 -21.776 -21.785 -21.784 -21.793 -21.792 -21.786 -21.785 -21.795 -21.804 -21.788 -21.797 -21.796 -21.805 -21.805 -21.798 -21.798 -21.807 -21.807 -21.800 -21.808 -21.808 -21.817 -21.817 -21.810 -21.810 -21.819 -21.819 -21.811 -21.811 -21.820 -21.829 -21.830 -21.822 -21.822 -21.831 -21.831 -21.823 -21.824 -21.832 -21.833 -21.842 -21.834 -21.834 -21.843 -21.843 -21.835 -21.836 -21.844 -21.845 -21.854 -21.837 -21.846 -21.855 -21.855 -21.847 -21.848 -21.856 -21.857 -21.866 -21.849 -21.858 -21.859 -21.867 -21.859 -21.860 -21.868 -21.869 -21.878 -21.861 -21.870 -21.871 -21.880 -21.863 -21.872 -21.880 -21.881 -21.890 -21.873 -21.882 -21.883 -21.892 -21.875 -21.884 -21.884 -21.893 -21.902 -21.885 -21.894 -21.895 -21.904 -21.887 -21.896 -21.896 -21.905 -21.906 -21.897 -21.906 -21.907 -21.916 -21.899 -21.908 -21.908 -21.917 -21.918 -21.909 -21.910 -21.919   
   -21.740 -21.727 -21.738 -21.730 -21.742 -21.753 -21.738 -21.748 -21.743 -21.754 -21.739 -21.749 -21.745 -21.755 -21.752 -21.750 -21.759 -21.757 -21.766 -21.751 -21.760 -21.758 -21.768 -21.766 -21.761 -21.760 -21.769 -21.778 -21.763 -21.772 -21.771 -21.780 -21.779 -21.773 -21.772 -21.781 -21.781 -21.775 -21.784 -21.783 -21.792 -21.792 -21.785 -21.784 -21.794 -21.793 -21.786 -21.786 -21.795 -21.804 -21.804 -21.797 -21.797 -21.806 -21.805 -21.798 -21.798 -21.807 -21.807 -21.816 -21.809 -21.809 -21.818 -21.818 -21.810 -21.810 -21.819 -21.819 -21.828 -21.812 -21.821 -21.830 -21.830 -21.822 -21.822 -21.831 -21.831 -21.840 -21.824 -21.833 -21.833 -21.842 -21.834 -21.834 -21.843 -21.844 -21.852 -21.836 -21.845 -21.845 -21.854 -21.838 -21.846 -21.855 -21.856 -21.865 -21.848 -21.857 -21.857 -21.866 -21.850 -21.858 -21.859 -21.868 -21.877 -21.860 -21.869 -21.869 -21.878 -21.862 -21.870 -21.871 -21.880 -21.880 -21.872 -21.881 -21.881 -21.890 -21.874 -21.882 -21.883 -21.892 -21.892 -21.884 -21.885 -21.893   
 -21.714 -21.703 -21.716 -21.727 -21.713 -21.724 -21.718 -21.728 -21.714 -21.724 -21.719 -21.730 -21.726 -21.725 -21.734 -21.731 -21.741 -21.726 -21.735 -21.732 -21.742 -21.740 -21.736 -21.734 -21.744 -21.753 -21.738 -21.747 -21.745 -21.755 -21.753 -21.748 -21.747 -21.756 -21.755 -21.749 -21.759 -21.757 -21.767 -21.766 -21.760 -21.759 -21.768 -21.767 -21.761 -21.760 -21.770 -21.779 -21.778 -21.772 -21.771 -21.780 -21.780 -21.773 -21.773 -21.782 -21.781 -21.791 -21.784 -21.783 -21.792 -21.792 -21.785 -21.785 -21.794 -21.794 -21.803 -21.786 -21.795 -21.804 -21.804 -21.797 -21.797 -21.806 -21.806 -21.815 -21.799 -21.808 -21.807 -21.816 -21.809 -21.809 -21.818 -21.818 -21.827 -21.811 -21.820 -21.820 -21.829 -21.812 -21.821 -21.830 -21.830 -21.839 -21.823 -21.832 -21.832 -21.841 -21.824 -21.833 -21.833 -21.842 -21.851 -21.835 -21.844 -21.844 -21.853 -21.836 -21.845 -21.845 -21.854 -21.855 -21.847 -21.856 -21.856 -21.865 -21.848 -21.857 -21.858 -21.866 -21.867 -21.859 -21.859 -21.868   
   -21.690 -21.702 -21.688 -21.699 -21.692 -21.703 -21.689 -21.699 -21.693 -21.704 -21.699 -21.700 -21.710 -21.705 -21.716 -21.701 -21.711 -21.707 -21.717 -21.714 -21.711 -21.708 -21.718 -21.728 -21.713 -21.722 -21.720 -21.729 -21.727 -21.723 -21.721 -21.731 -21.729 -21.724 -21.734 -21.732 -21.742 -21.740 -21.735 -21.733 -21.743 -21.742 -21.736 -21.735 -21.744 -21.754 -21.753 -21.747 -21.746 -21.755 -21.754 -21.748 -21.747 -21.757 -21.756 -21.765 -21.759 -21.758 -21.767 -21.766 -21.760 -21.759 -21.769 -21.768 -21.777 -21.761 -21.770 -21.779 -21.779 -21.772 -21.772 -21.781 -21.780 -21.789 -21.773 -21.782 -21.782 -21.791 -21.784 -21.784 -21.793 -21.793 -21.802 -21.785 -21.794 -21.794 -21.803 -21.787 -21.796 -21.805 -21.805 -21.814 -21.797 -21.806 -21.806 -21.815 -21.799 -21.808 -21.808 -21.817 -21.826 -21.809 -21.818 -21.818 -21.827 -21.811 -21.820 -21.820 -21.829 -21.829 -21.822 -21.830 -21.831 -21.839 -21.823 -21.832 -21.832 -21.841 -21.841 -21.834 -21.834 -21.843   
-21.677 -21.664 -21.675 -21.666 -21.677 -21.664 -21.675 -21.667 -21.679 -21.672 -21.675 -21.685 -21.680 -21.690 -21.676 -21.686 -21.681 -21.692 -21.687 -21.687 -21.683 -21.693 -21.703 -21.687 -21.697 -21.694 -21.704 -21.701 -21.698 -21.695 -21.705 -21.703 -21.699 -21.709 -21.707 -21.716 -21.714 -21.710 -21.708 -21.718 -21.716 -21.711 -21.709 -21.719 -21.728 -21.727 -21.722 -21.720 -21.730 -21.728 -21.723 -21.722 -21.731 -21.730 -21.739 -21.734 -21.733 -21.742 -21.741 -21.735 -21.734 -21.743 -21.742 -21.752 -21.736 -21.745 -21.754 -21.753 -21.747 -21.746 -21.755 -21.755 -21.764 -21.748 -21.757 -21.756 -21.766 -21.759 -21.758 -21.768 -21.767 -21.776 -21.760 -21.769 -21.769 -21.778 -21.761 -21.771 -21.780 -21.779 -21.788 -21.772 -21.781 -21.781 -21.790 -21.774 -21.783 -21.782 -21.791 -21.800 -21.784 -21.793 -21.793 -21.802 -21.786 -21.795 -21.795 -21.804 -21.803 -21.796 -21.805 -21.805 -21.814 -21.798 -21.807 -21.807 -21.816 -21.816 -21.808 -21.808 -21.817   
  -21.651 -21.640 -21.652 -21.639 -21.650 -21.641 -21.653 -21.645 -21.650 -21.661 -21.654 -21.665 -21.651 -21.661 -21.655 -21.666 -21.661 -21.662 -21.657 -21.667 -21.678 -21.662 -21.672 -21.669 -21.679 -21.675 -21.673 -21.670 -21.680 -21.677 -21.674 -21.684 -21.681 -21.691 -21.688 -21.685 -21.683 -21.692 -21.690 -21.686 -21.684 -21.694 -21.703 -21.701 -21.697 -21.695 -21.705 -21.703 -21.698 -21.696 -21.706 -21.704 -21.714 -21.709 -21.707 -21.717 -21.715 -21.710 -21.709 -21.718 -21.717 -21.726 -21.710 -21.720 -21.729 -21.728 -21.722 -21.721 -21.730 -21.729 -21.739 -21.722 -21.732 -21.731 -21.740 -21.734 -21.733 -21.742 -21.742 -21.751 -21.735 -21.744 -21.743 -21.752 -21.736 -21.745 -21.754 -21.754 -21.763 -21.747 -21.756 -21.755 -21.764 -21.748 -21.757 -21.757 -21.766 -21.775 -21.759 -21.768 -21.768 -21.777 -21.760 -21.769 -21.769 -21.778 -21.778 -21.771 -21.780 -21.780 -21.789 -21.772 -21.782 -21.781 -21.790 -21.790 -21.783 -21.783 -21.792   
-21.627 -21.614 -21.625 -21.615 -21.627 -21.619 -21.625 -21.636 -21.629 -21.640 -21.625 -21.636 -21.630 -21.641 -21.635 -21.637 -21.631 -21.642 -21.652 -21.637 -21.648 -21.643 -21.653 -21.649 -21.648 -21.644 -21.655 -21.651 -21.649 -21.659 -21.656 -21.666 -21.663 -21.660 -21.657 -21.667 -21.664 -21.661 -21.658 -21.668 -21.678 -21.676 -21.672 -21.670 -21.679 -21.677 -21.673 -21.671 -21.681 -21.679 -21.688 -21.684 -21.682 -21.691 -21.690 -21.685 -21.683 -21.693 -21.691 -21.701 -21.685 -21.694 -21.704 -21.702 -21.697 -21.696 -21.705 -21.704 -21.713 -21.697 -21.706 -21.705 -21.715 -21.709 -21.708 -21.717 -21.716 -21.725 -21.709 -21.719 -21.718 -21.727 -21.711 -21.720 -21.729 -21.728 -21.738 -21.721 -21.731 -21.730 -21.739 -21.723 -21.732 -21.731 -21.741 -21.750 -21.734 -21.743 -21.742 -21.751 -21.735 -21.744 -21.744 -21.753 -21.752 -21.746 -21.755 -21.754 -21.763 -21.747 -21.756 -21.756 -21.765 -21.765 -21.758 -21.757 -21.766   
  -21.601 -21.589 -21.602 -21.592 -21.600 -21.611 -21.603 -21.614 -21.600 -21.611 -21.604 -21.615 -21.609 -21.612 -21.605 -21.616 -21.627 -21.612 -21.623 -21.618 -21.628 -21.623 -21.623 -21.619 -21.629 -21.625 -21.624 -21.634 -21.630 -21.640 -21.637 -21.635 -21.632 -21.642 -21.638 -21.636 -21.633 -21.643 -21.653 -21.650 -21.647 -21.644 -21.654 -21.651 -21.648 -21.646 -21.655 -21.653 -21.663 -21.659 -21.657 -21.666 -21.664 -21.660 -21.658 -21.668 -21.666 -21.675 -21.659 -21.669 -21.678 -21.677 -21.672 -21.670 -21.680 -21.678 -21.688 -21.672 -21.681 -21.680 -21.689 -21.684 -21.683 -21.692 -21.691 -21.700 -21.684 -21.693 -21.692 -21.701 -21.685 -21.695 -21.704 -21.703 -21.712 -21.696 -21.705 -21.704 -21.714 -21.698 -21.707 -21.706 -21.715 -21.724 -21.708 -21.718 -21.717 -21.726 -21.710 -21.719 -21.718 -21.727 -21.727 -21.720 -21.730 -21.729 -21.738 -21.722 -21.731 -21.730 -21.740 -21.739 -21.733 -21.732 -21.741   
-21.576 -21.565 -21.575 -21.587 -21.577 -21.589 -21.575 -21.587 -21.578 -21.590 -21.582 -21.587 -21.580 -21.591 -21.602 -21.587 -21.598 -21.592 -21.603 -21.597 -21.599 -21.593 -21.604 -21.599 -21.599 -21.609 -21.605 -21.615 -21.611 -21.610 -21.606 -21.616 -21.613 -21.611 -21.607 -21.618 -21.628 -21.624 -21.622 -21.619 -21.629 -21.626 -21.623 -21.620 -21.630 -21.627 -21.637 -21.634 -21.631 -21.641 -21.638 -21.635 -21.633 -21.642 -21.640 -21.650 -21.634 -21.644 -21.653 -21.651 -21.647 -21.645 -21.654 -21.653 -21.662 -21.646 -21.656 -21.654 -21.664 -21.659 -21.657 -21.667 -21.665 -21.675 -21.659 -21.668 -21.666 -21.676 -21.660 -21.669 -21.679 -21.677 -21.687 -21.671 -21.680 -21.679 -21.688 -21.672 -21.682 -21.680 -21.690 -21.699 -21.683 -21.692 -21.691 -21.701 -21.684 -21.694 -21.693 -21.702 -21.701 -21.695 -21.704 -21.703 -21.713 -21.697 -21.706 -21.705 -21.714 -21.713 -21.707 -21.706 -21.716   
  -21.550 -21.562 -21.552 -21.564 -21.550 -21.562 -21.553 -21.565 -21.556 -21.562 -21.554 -21.565 -21.577 -21.562 -21.573 -21.567 -21.577 -21.571 -21.574 -21.568 -21.578 -21.573 -21.574 -21.585 -21.580 -21.590 -21.585 -21.585 -21.581 -21.591 -21.587 -21.586 -21.582 -21.592 -21.602 -21.599 -21.597 -21.593 -21.603 -21.600 -21.598 -21.595 -21.605 -21.601 -21.611 -21.609 -21.606 -21.616 -21.613 -21.610 -21.607 -21.617 -21.614 -21.624 -21.609 -21.618 -21.628 -21.626 -21.622 -21.620 -21.629 -21.627 -21.637 -21.621 -21.631 -21.628 -21.638 -21.634 -21.632 -21.641 -21.640 -21.649 -21.633 -21.643 -21.641 -21.651 -21.635 -21.644 -21.654 -21.652 -21.661 -21.646 -21.655 -21.653 -21.663 -21.647 -21.656 -21.655 -21.664 -21.674 -21.658 -21.667 -21.666 -21.675 -21.659 -21.668 -21.667 -21.677 -21.675 -21.670 -21.679 -21.678 -21.687 -21.671 -21.681 -21.680 -21.689 -21.688 -21.682 -21.681 -21.690   
   -21.538 -21.526 -21.538 -21.525 -21.537 -21.527 -21.539 -21.530 -21.537 -21.528 -21.540 -21.551 -21.537 -21.548 -21.541 -21.552 -21.545 -21.549 -21.542 -21.553 -21.547 -21.549 -21.560 -21.554 -21.565 -21.559 -21.560 -21.555 -21.566 -21.561 -21.561 -21.556 -21.567 -21.577 -21.573 -21.572 -21.568 -21.578 -21.574 -21.573 -21.569 -21.579 -21.576 -21.586 -21.584 -21.581 -21.590 -21.587 -21.585 -21.582 -21.592 -21.589 -21.599 -21.583 -21.593 -21.603 -21.600 -21.597 -21.594 -21.604 -21.601 -21.611 -21.596 -21.605 -21.603 -21.613 -21.609 -21.607 -21.616 -21.614 -21.624 -21.608 -21.618 -21.615 -21.625 -21.609 -21.619 -21.628 -21.626 -21.636 -21.620 -21.630 -21.628 -21.637 -21.622 -21.631 -21.629 -21.639 -21.648 -21.632 -21.642 -21.640 -21.650 -21.634 -21.643 -21.642 -21.651 -21.650 -21.645 -21.654 -21.653 -21.662 -21.646 -21.655 -21.654 -21.663 -21.662 -21.657 -21.656 -21.665   
 -21.513 -21.500 -21.512 -21.501 -21.514 -21.504 -21.512 -21.503 -21.515 -21.526 -21.512 -21.523 -21.515 -21.527 -21.519 -21.524 -21.517 -21.528 -21.521 -21.524 -21.535 -21.529 -21.539 -21.534 -21.535 -21.530 -21.540 -21.535 -21.536 -21.531 -21.541 -21.552 -21.547 -21.547 -21.543 -21.553 -21.549 -21.548 -21.544 -21.554 -21.550 -21.560 -21.559 -21.555 -21.565 -21.562 -21.560 -21.556 -21.566 -21.563 -21.573 -21.558 -21.568 -21.578 -21.575 -21.572 -21.569 -21.579 -21.576 -21.586 -21.570 -21.580 -21.577 -21.587 -21.584 -21.581 -21.591 -21.589 -21.598 -21.583 -21.592 -21.590 -21.600 -21.584 -21.594 -21.603 -21.601 -21.611 -21.595 -21.604 -21.602 -21.612 -21.596 -21.606 -21.604 -21.613 -21.623 -21.607 -21.617 -21.615 -21.624 -21.609 -21.618 -21.616 -21.626 -21.624 -21.619 -21.629 -21.627 -21.637 -21.621 -21.630 -21.629 -21.638 -21.637 -21.632 -21.630 -21.640   
   -21.487 -21.476 -21.488 -21.477 -21.487 -21.477 -21.489 -21.501 -21.487 -21.499 -21.490 -21.501 -21.493 -21.499 -21.491 -21.502 -21.495 -21.499 -21.510 -21.503 -21.514 -21.508 -21.510 -21.504 -21.515 -21.509 -21.511 -21.505 -21.516 -21.527 -21.522 -21.522 -21.517 -21.528 -21.523 -21.523 -21.518 -21.529 -21.524 -21.535 -21.534 -21.530 -21.540 -21.536 -21.535 -21.531 -21.541 -21.537 -21.548 -21.532 -21.542 -21.552 -21.549 -21.547 -21.544 -21.553 -21.550 -21.560 -21.545 -21.555 -21.552 -21.562 -21.559 -21.556 -21.566 -21.563 -21.573 -21.557 -21.567 -21.564 -21.574 -21.559 -21.568 -21.578 -21.576 -21.585 -21.570 -21.579 -21.577 -21.587 -21.571 -21.581 -21.578 -21.588 -21.598 -21.582 -21.591 -21.589 -21.599 -21.583 -21.593 -21.591 -21.600 -21.599 -21.594 -21.604 -21.602 -21.611 -21.595 -21.605 -21.603 -21.613 -21.611 -21.606 -21.605 -21.614   
 -21.463 -21.451 -21.462 -21.451 -21.464 -21.476 -21.462 -21.474 -21.464 -21.476 -21.467 -21.474 -21.465 -21.477 -21.469 -21.474 -21.485 -21.478 -21.489 -21.482 -21.485 -21.479 -21.490 -21.484 -21.486 -21.480 -21.491 -21.501 -21.496 -21.497 -21.492 -21.502 -21.497 -21.498 -21.493 -21.503 -21.499 -21.509 -21.509 -21.505 -21.515 -21.510 -21.510 -21.506 -21.516 -21.512 -21.522 -21.507 -21.517 -21.527 -21.523 -21.522 -21.518 -21.528 -21.525 -21.535 -21.519 -21.529 -21.526 -21.536 -21.534 -21.531 -21.540 -21.538 -21.547 -21.532 -21.542 -21.539 -21.549 -21.533 -21.543 -21.553 -21.550 -21.560 -21.544 -21.554 -21.551 -21.561 -21.546 -21.555 -21.553 -21.563 -21.572 -21.557 -21.566 -21.564 -21.574 -21.558 -21.567 -21.565 -21.575 -21.573 -21.569 -21.578 -21.576 -21.586 -21.570 -21.580 -21.578 -21.587 -21.586 -21.581 -21.579 -21.589   
   -21.437 -21.425 -21.438 -21.450 -21.437 -21.449 -21.439 -21.451 -21.442 -21.449 -21.440 -21.452 -21.443 -21.449 -21.460 -21.452 -21.464 -21.456 -21.460 -21.453 -21.464 -21.458 -21.461 -21.454 -21.465 -21.476 -21.470 -21.472 -21.466 -21.477 -21.472 -21.473 -21.468 -21.478 -21.473 -21.484 -21.484 -21.479 -21.490 -21.485 -21.485 -21.480 -21.491 -21.486 -21.497 -21.481 -21.492 -21.502 -21.498 -21.497 -21.493 -21.503 -21.499 -21.509 -21.494 -21.504 -21.501 -21.511 -21.509 -21.505 -21.515 -21.512 -21.522 -21.507 -21.516 -21.513 -21.523 -21.508 -21.518 -21.527 -21.525 -21.534 -21.519 -21.529 -21.526 -21.536 -21.520 -21.530 -21.527 -21.537 -21.547 -21.531 -21.541 -21.539 -21.548 -21.533 -21.542 -21.540 -21.550 -21.547 -21.544 -21.553 -21.551 -21.561 -21.545 -21.554 -21.552 -21.562 -21.560 -21.556 -21.554 -21.563   
 -21.413 -21.425 -21.412 -21.424 -21.413 -21.426 -21.416 -21.424 -21.414 -21.426 -21.417 -21.424 -21.435 -21.427 -21.438 -21.431 -21.436 -21.428 -21.439 -21.432 -21.436 -21.429 -21.440 -21.451 -21.445 -21.447 -21.441 -21.452 -21.446 -21.448 -21.442 -21.453 -21.447 -21.458 -21.459 -21.454 -21.464 -21.459 -21.460 -21.455 -21.465 -21.461 -21.471 -21.456 -21.466 -21.477 -21.472 -21.472 -21.468 -21.478 -21.474 -21.484 -21.469 -21.479 -21.475 -21.485 -21.484 -21.480 -21.490 -21.487 -21.497 -21.481 -21.491 -21.488 -21.498 -21.482 -21.492 -21.502 -21.499 -21.509 -21.494 -21.503 -21.501 -21.510 -21.495 -21.505 -21.502 -21.512 -21.522 -21.506 -21.516 -21.513 -21.523 -21.507 -21.517 -21.514 -21.524 -21.522 -21.518 -21.528 -21.526 -21.535 -21.520 -21.529 -21.527 -21.537 -21.534 -21.530 -21.528 -21.538   
  -21.400 -21.387 -21.399 -21.388 -21.400 -21.390 -21.399 -21.389 -21.401 -21.391 -21.399 -21.410 -21.402 -21.413 -21.405 -21.411 -21.402 -21.414 -21.406 -21.411 -21.403 -21.415 -21.426 -21.419 -21.422 -21.416 -21.427 -21.420 -21.423 -21.417 -21.427 -21.422 -21.432 -21.434 -21.428 -21.439 -21.434 -21.435 -21.430 -21.440 -21.435 -21.446 -21.431 -21.441 -21.451 -21.447 -21.447 -21.442 -21.452 -21.448 -21.458 -21.443 -21.454 -21.449 -21.460 -21.459 -21.455 -21.465 -21.461 -21.471 -21.456 -21.466 -21.462 -21.472 -21.457 -21.467 -21.477 -21.474 -21.484 -21.468 -21.478 -21.475 -21.485 -21.470 -21.479 -21.476 -21.486 -21.496 -21.481 -21.490 -21.488 -21.497 -21.482 -21.492 -21.489 -21.499 -21.496 -21.493 -21.503 -21.500 -21.510 -21.494 -21.504 -21.501 -21.511 -21.509 -21.505 -21.503 -21.513   
-21.374 -21.362 -21.375 -21.364 -21.374 -21.363 -21.375 -21.365 -21.374 -21.386 -21.376 -21.388 -21.379 -21.386 -21.377 -21.389 -21.380 -21.386 -21.378 -21.389 -21.401 -21.393 -21.397 -21.390 -21.401 -21.395 -21.398 -21.391 -21.402 -21.396 -21.407 -21.409 -21.403 -21.414 -21.408 -21.410 -21.404 -21.415 -21.409 -21.420 -21.405 -21.416 -21.426 -21.421 -21.422 -21.417 -21.427 -21.423 -21.433 -21.418 -21.428 -21.424 -21.434 -21.434 -21.429 -21.440 -21.435 -21.446 -21.431 -21.441 -21.437 -21.447 -21.432 -21.442 -21.452 -21.448 -21.458 -21.443 -21.453 -21.450 -21.460 -21.444 -21.454 -21.451 -21.461 -21.471 -21.455 -21.465 -21.462 -21.472 -21.457 -21.466 -21.464 -21.473 -21.471 -21.468 -21.477 -21.475 -21.485 -21.469 -21.479 -21.476 -21.486 -21.483 -21.480 -21.477 -21.487   
  -21.350 -21.338 -21.349 -21.338 -21.350 -21.339 -21.349 -21.361 -21.351 -21.363 -21.353 -21.361 -21.352 -21.363 -21.355 -21.361 -21.352 -21.364 -21.375 -21.368 -21.372 -21.365 -21.376 -21.369 -21.373 -21.366 -21.377 -21.370 -21.381 -21.384 -21.378 -21.389 -21.382 -21.385 -21.379 -21.389 -21.384 -21.395 -21.380 -21.390 -21.401 -21.396 -21.397 -21.392 -21.402 -21.397 -21.408 -21.393 -21.403 -21.398 -21.409 -21.409 -21.404 -21.414 -21.410 -21.420 -21.405 -21.415 -21.411 -21.422 -21.406 -21.417 -21.427 -21.423 -21.433 -21.418 -21.428 -21.424 -21.434 -21.419 -21.429 -21.425 -21.435 -21.445 -21.430 -21.440 -21.437 -21.447 -21.431 -21.441 -21.438 -21.448 -21.445 -21.442 -21.452 -21.449 -21.459 -21.444 -21.453 -21.451 -21.460 -21.458 -21.455 -21.452 -21.462   
-21.324 -21.312 -21.325 -21.313 -21.324 -21.336 -21.325 -21.337 -21.327 -21.336 -21.326 -21.338 -21.329 -21.336 -21.327 -21.339 -21.350 -21.342 -21.347 -21.339 -21.351 -21.343 -21.348 -21.340 -21.352 -21.344 -21.356 -21.359 -21.352 -21.363 -21.357 -21.360 -21.353 -21.364 -21.358 -21.369 -21.354 -21.365 -21.376 -21.370 -21.372 -21.366 -21.377 -21.371 -21.382 -21.367 -21.378 -21.373 -21.383 -21.384 -21.379 -21.389 -21.384 -21.395 -21.380 -21.390 -21.386 -21.396 -21.381 -21.391 -21.401 -21.397 -21.408 -21.392 -21.403 -21.399 -21.409 -21.394 -21.404 -21.400 -21.410 -21.420 -21.405 -21.415 -21.411 -21.421 -21.406 -21.416 -21.413 -21.423 -21.419 -21.417 -21.427 -21.424 -21.434 -21.418 -21.428 -21.425 -21.435 -21.432 -21.429 -21.427 -21.436   
  -21.299 -21.287 -21.299 -21.311 -21.300 -21.312 -21.302 -21.311 -21.301 -21.313 -21.303 -21.311 -21.301 -21.313 -21.325 -21.316 -21.322 -21.314 -21.325 -21.317 -21.323 -21.315 -21.326 -21.319 -21.330 -21.334 -21.327 -21.338 -21.331 -21.335 -21.328 -21.339 -21.332 -21.344 -21.329 -21.340 -21.351 -21.345 -21.347 -21.341 -21.351 -21.346 -21.357 -21.342 -21.352 -21.347 -21.358 -21.359 -21.353 -21.364 -21.359 -21.369 -21.355 -21.365 -21.360 -21.371 -21.356 -21.366 -21.376 -21.372 -21.382 -21.367 -21.377 -21.373 -21.383 -21.368 -21.378 -21.374 -21.385 -21.395 -21.380 -21.390 -21.386 -21.396 -21.381 -21.391 -21.387 -21.397 -21.394 -21.392 -21.402 -21.398 -21.408 -21.393 -21.403 -21.400 -21.410 -21.407 -21.404 -21.401 -21.411   
-21.274 -21.286 -21.274 -21.287 -21.276 -21.286 -21.275 -21.287 -21.277 -21.286 -21.276 -21.288 -21.300 -21.291 -21.297 -21.289 -21.300 -21.292 -21.298 -21.289 -21.301 -21.293 -21.305 -21.309 -21.302 -21.313 -21.306 -21.310 -21.303 -21.314 -21.307 -21.318 -21.304 -21.315 -21.325 -21.319 -21.322 -21.315 -21.326 -21.320 -21.331 -21.316 -21.327 -21.322 -21.332 -21.333 -21.328 -21.339 -21.333 -21.344 -21.329 -21.340 -21.335 -21.345 -21.330 -21.341 -21.351 -21.346 -21.357 -21.342 -21.352 -21.348 -21.358 -21.343 -21.353 -21.349 -21.359 -21.369 -21.354 -21.364 -21.360 -21.371 -21.355 -21.365 -21.362 -21.372 -21.368 -21.367 -21.377 -21.373 -21.383 -21.368 -21.378 -21.374 -21.384 -21.381 -21.379 -21.376 -21.386   
 -21.261 -21.249 -21.262 -21.250 -21.261 -21.250 -21.262 -21.251 -21.261 -21.250 -21.263 -21.274 -21.265 -21.272 -21.263 -21.275 -21.266 -21.273 -21.264 -21.276 -21.267 -21.279 -21.284 -21.276 -21.288 -21.280 -21.285 -21.277 -21.288 -21.281 -21.292 -21.278 -21.289 -21.300 -21.294 -21.297 -21.290 -21.301 -21.295 -21.306 -21.291 -21.302 -21.296 -21.307 -21.308 -21.303 -21.313 -21.308 -21.319 -21.304 -21.314 -21.309 -21.320 -21.305 -21.315 -21.326 -21.321 -21.331 -21.316 -21.327 -21.322 -21.333 -21.318 -21.328 -21.323 -21.334 -21.344 -21.329 -21.339 -21.335 -21.345 -21.330 -21.340 -21.336 -21.346 -21.343 -21.341 -21.351 -21.348 -21.358 -21.343 -21.353 -21.349 -21.359 -21.355 -21.354 -21.350 -21.360   
   -21.236 -21.224 -21.236 -21.224 -21.237 -21.226 -21.236 -21.225 -21.237 -21.249 -21.239 -21.247 -21.238 -21.250 -21.240 -21.248 -21.239 -21.250 -21.242 -21.253 -21.259 -21.251 -21.262 -21.254 -21.260 -21.252 -21.263 -21.256 -21.267 -21.253 -21.264 -21.275 -21.268 -21.271 -21.265 -21.276 -21.269 -21.280 -21.266 -21.277 -21.270 -21.281 -21.283 -21.278 -21.288 -21.282 -21.293 -21.279 -21.289 -21.284 -21.294 -21.280 -21.290 -21.301 -21.295 -21.306 -21.291 -21.302 -21.297 -21.307 -21.292 -21.303 -21.298 -21.308 -21.319 -21.304 -21.314 -21.310 -21.320 -21.305 -21.315 -21.311 -21.321 -21.317 -21.316 -21.326 -21.322 -21.332 -21.317 -21.327 -21.323 -21.334 -21.330 -21.328 -21.325 -21.335   
 -21.211 -21.199 -21.211 -21.200 -21.211 -21.199 -21.212 -21.224 -21.214 -21.222 -21.212 -21.224 -21.215 -21.223 -21.213 -21.225 -21.216 -21.228 -21.234 -21.226 -21.237 -21.229 -21.235 -21.226 -21.238 -21.230 -21.241 -21.227 -21.239 -21.250 -21.243 -21.246 -21.239 -21.250 -21.244 -21.255 -21.240 -21.251 -21.245 -21.256 -21.258 -21.252 -21.263 -21.257 -21.268 -21.253 -21.264 -21.258 -21.269 -21.254 -21.265 -21.275 -21.270 -21.281 -21.266 -21.276 -21.271 -21.282 -21.267 -21.277 -21.272 -21.283 -21.293 -21.278 -21.289 -21.284 -21.294 -21.279 -21.290 -21.285 -21.296 -21.291 -21.291 -21.301 -21.297 -21.307 -21.292 -21.302 -21.298 -21.308 -21.304 -21.303 -21.299 -21.309   
   -21.186 -21.174 -21.186 -21.174 -21.186 -21.199 -21.188 -21.198 -21.187 -21.199 -21.189 -21.198 -21.188 -21.200 -21.190 -21.202 -21.209 -21.200 -21.212 -21.203 -21.209 -21.201 -21.213 -21.204 -21.216 -21.202 -21.213 -21.224 -21.217 -21.221 -21.214 -21.225 -21.218 -21.229 -21.215 -21.226 -21.219 -21.230 -21.233 -21.227 -21.238 -21.231 -21.242 -21.228 -21.239 -21.233 -21.243 -21.229 -21.240 -21.250 -21.245 -21.255 -21.241 -21.251 -21.246 -21.256 -21.242 -21.252 -21.247 -21.257 -21.268 -21.253 -21.263 -21.259 -21.269 -21.254 -21.264 -21.260 -21.270 -21.266 -21.266 -21.276 -21.271 -21.282 -21.267 -21.277 -21.273 -21.283 -21.279 -21.278 -21.274 -21.284   
 -21.161 -21.148 -21.161 -21.173 -21.162 -21.173 -21.162 -21.174 -21.163 -21.173 -21.162 -21.174 -21.164 -21.177 -21.184 -21.175 -21.187 -21.178 -21.184 -21.176 -21.187 -21.179 -21.190 -21.177 -21.188 -21.199 -21.191 -21.196 -21.189 -21.200 -21.193 -21.204 -21.190 -21.201 -21.194 -21.205 -21.208 -21.202 -21.213 -21.206 -21.217 -21.202 -21.213 -21.207 -21.218 -21.203 -21.214 -21.225 -21.219 -21.230 -21.215 -21.226 -21.220 -21.231 -21.216 -21.227 -21.221 -21.232 -21.243 -21.228 -21.238 -21.233 -21.244 -21.229 -21.239 -21.234 -21.245 -21.240 -21.240 -21.251 -21.246 -21.256 -21.241 -21.252 -21.247 -21.258 -21.253 -21.253 -21.248 -21.259   
   -21.136 -21.148 -21.137 -21.148 -21.136 -21.149 -21.138 -21.147 -21.137 -21.149 -21.139 -21.151 -21.159 -21.150 -21.161 -21.152 -21.159 -21.150 -21.162 -21.153 -21.165 -21.151 -21.163 -21.174 -21.166 -21.171 -21.163 -21.175 -21.167 -21.178 -21.164 -21.175 -21.168 -21.179 -21.183 -21.176 -21.187 -21.180 -21.192 -21.177 -21.188 -21.182 -21.193 -21.178 -21.189 -21.200 -21.194 -21.204 -21.190 -21.201 -21.195 -21.206 -21.191 -21.202 -21.196 -21.207 -21.217 -21.203 -21.213 -21.208 -21.218 -21.204 -21.214 -21.209 -21.219 -21.214 -21.215 -21.225 -21.221 -21.231 -21.216 -21.226 -21.222 -21.232 -21.228 -21.227 -21.223 -21.233   
